0 313.326 569.949 1109.87 1846.44 2748.32 3849.23 5124.63 5885.2 5570.64 5414.71 4564.07 3563.74 2707.33 2592.04 2651.46 2884.71 3110.84 3416.51 3752.13 4138.11 4428.14 4757.45 4918.79 5020.43 5226.23 5414.67 5319.37 5302.36 5123.01 4994.05 5130.62 4853.44 4949.13 5058.89 5410.03 5337.55 5268.85 4494.27 4526.86 4715.55 5087.11 5202.15 4950.13 5079.4 5242.36 5256.47 5312.2 5295.86 4989.26 5057.93 5214.56 5117.02 4958.64 4696.93 4523.29 4524.75 4692.81 5041.15 4770.38 5010.52 5224.5 5266.65 5147.26 5308.21 5172.31 5288.42 5393.61 5383.89 5285.86 4909.13 4404.2 4518.69 4625.42 4743.94 5006.04 5242.81 5351.95 5389.15 4773.77 4501.46 4519.24 4556.96 4766.54 4601.88 4887.4 5095.22 4859.47 4911.54 4936.41 5032.66 5155.02 5381.24 5209.83 5100.01 4927.42 4622.85 4582.85 4671.61 4757.23
313.326 0 458.193 1066.21 1818.93 2732.8 3842.3 5104.42 5813.82 5458.05 5170.93 4502.54 3538.3 2707.72 2599.86 2659.15 2895.99 3123.88 3430.12 3764.34 4146.37 4424.74 4738.5 4868.02 4924.84 5092.9 5289.32 5173.62 5126.7 4968.02 4907.56 5059.61 4730.17 4814.26 4935.2 5307.54 5173.14 5064.32 4357.96 4427.88 4642.34 5038.18 5146.96 4839.05 4943.62 5135.67 5141.18 5139.72 5101.35 4842.79 4942 5124.22 5015.69 4787.32 4509.81 4390.32 4422.08 4613.38 4980.16 4645.58 4851.03 5087.49 5129.21 4982.21 5147.7 5015.93 5136.57 5262.51 5257.56 5111.86 4718.98 4281.03 4443.71 4567.93 4671.1 4926.85 5149.09 5213.06 5200.1 4602.65 4415.77 4462.06 4499.6 4705.83 4475.54 4707.53 4907.99 4711.83 4803.11 4828.98 4926.52 5019.05 5233.14 5060.88 4913.76 4739.68 4483.93 4486.51 4588.81 4661.93
569.949 458.193 0 662.603 1405.68 2318.4 3447.4 4703.24 5421.24 5087.41 4999.29 4382.22 3378.11 2484.96 2312.34 2326.97 2550.91 2763.26 3059.78 3388.33 3764.45 4036.69 4345.7 4474.14 4547.95 4749.55 4936.52 4837.25 4822.85 4654.04 4562.87 4705.3 4394.72 4475.72 4584.21 4935.58 4853.61 4809.64 4099.13 4151.21 4326.75 4687.16 4774.79 4479.98 4603.71 4773.69 4781.81 4836.6 4838.4 4568.56 4630.45 4771.82 4648.27 4479.19 4241.56 4111.9 4114.25 4267.8 4611.37 4301.64 4531.82 4752.39 4801 4666.76 4846.41 4708.82 4821.24 4919.18 4900.31 4805.75 4450.82 3988.48 4135.81 4228.55 4321.86 4561.99 4774.07 4866.12 4917.55 4320.16 4111.62 4131.4 4151.05 4348.46 4142.47 4418.69 4627.38 4401.94 4478.17 4491.83 4569.04 4679.42 4902.89 4729.8 4635.95 4475.29 4210.05 4193.22 4270.03 4331.5
1109.87 1066.21 662.603 0 806.809 1707.23 2866.71 4118.23 4861.62 4576.14 4846.55 4270.5 3242.01 2245.73 1933.24 1882.05 2082.76 2257.96 2533.87 2844.97 3207.9 3469.26 3772.87 3907.96 4023.69 4292.85 4459.19 4395.1 4445.47 4252.12 4090.52 4212.14 3950.99 4028.98 4106.97 4415.34 4443.34 4518.59 3784.27 3805.83 3909.65 4200.2 4252.3 3995.68 4154.9 4273.55 4288.84 4457.64 4529.66 4222.85 4215.45 4282.87 4139.57 4097.29 3920.99 3751.14 3707.67 3795.51 4094.13 3843 4122.82 4302.46 4360.23 4261.71 4472.41 4324.84 4417.9 4459.97 4416.92 4421.87 4135.17 3618.29 3726.36 3759.13 3843.5 4059.15 4254.67 4402.75 4577.16 3976.76 3707.04 3678.16 3663.22 3840.36 3697.66 4067.09 4289.67 4002.83 4044.66 4039.73 4078.36 4222.2 4466.24 4297.18 4304.65 4164.64 3861.51 3803.13 3836.87 3882.55
1846.44 1818.93 1405.68 806.809 0 973.103 2171.09 3436.07 4201.3 3992.67 4761.16 4272.79 3273.37 2103.95 1703.2 1539.04 1653.05 1746.07 1966.46 2240.91 2573.17 2809.86 3095.32 3243.45 3421.48 3798.41 3933.94 3918.15 4061.31 3843.39 3582.61 3667.88 3480.67 3555.52 3590.58 3823.52 4009.65 4259.49 3522.77 3493.32 3489.05 3662.5 3656.08 3460.37 3675.14 3719.95 3739.95 4069.01 4242.33 3901.11 3796.88 3749.42 3572.27 3713.13 3640.9 3436.48 3322.74 3300.95 3517.9 3356.44 3701.58 3821.96 3893.63 3844.69 4090.95 3934.57 3999.4 3959.97 3877.41 4030.45 3854.94 3276.21 3321.29 3262.23 3325.17 3494.14 3660.14 3895.62 4242.84 3652.19 3310.85 3212.44 3148.81 3287.61 3240.79 3729 3967.77 3608.55 3596.59 3557.68 3537.35 3730.58 3999.93 3839.53 3989.13 3878.84 3545.89 3436.74 3405.46 3420.57
2748.32 2732.8 2318.4 1707.23 973.103 0 1357.29 2610.17 3457.08 3384.74 4828.9 4463.23 3360.03 2245 1797.15 1605.26 1576.99 1492.04 1546.95 1694.49 1921.22 2090.51 2337.24 2493.32 2794.21 3332.44 3419.21 3486.46 3758.92 3507.53 3103.73 3126.97 3075.38 3136.86 3096.18 3203.89 3642.22 4116.79 3416.84 3302.75 3115.08 3099.56 3003.63 2932.65 3235.36 3161.27 3199.68 3766.39 4067.34 3694.26 3437.35 3207.11 2987.36 3424.65 3501.94 3254.25 3037.05 2835.6 2913.61 2929.73 3362.31 3383.2 3475.08 3505.18 3788.69 3621.52 3641.77 3479.35 3345.26 3720.8 3706.13 3089.1 3037.66 2818.05 2844.84 2934.7 3044.86 3412.96 4006.23 3465.82 3036.24 2803.36 2651.18 2730.7 2859.38 3510.17 3755.25 3304.03 3215.9 3129.87 3013.74 3281.28 3578.03 3431.54 3791.17 3735.64 3375.67 3192.7 3039.09 3006.03
3849.23 3842.3 3447.4 2866.71 2171.09 1357.29 0 1605 2661.46 2813.58 5012.12 4606.2 3680.63 2708.25 2626.14 2568.42 2363.48 2095.91 1902.07 1777.52 1712.71 1635.75 1689.33 1772.68 2203.87 2958.92 2970.62 3151.02 3586.26 3286.94 2650.27 2580.06 2738.09 2804.51 2671.24 2598.2 3386.61 4111.92 3379.25 3192.37 2842.04 2586.13 2361.51 2489.28 2896.03 2631.4 2694.47 3581.63 4025.89 3574.24 3161.69 2717.53 2450.14 3264.81 3474.4 3132.8 2813.95 2407.65 2287.13 2570.21 3130.08 3027.02 3134.74 3274.76 3607.16 3432.02 3404.5 3085.34 2880.69 3535.91 3677.13 2945.81 2752.3 2365.76 2373.89 2366.26 2425.08 3018.17 3902.63 3378.93 2774.96 2415.3 2172.27 2167.58 2567.55 3416.92 3675.04 3098.88 2891.89 2752.58 2523.87 2906.42 3250.95 3134.38 3718.57 3705.21 3271.89 2978.82 2721.43 2649.72
5124.63 5104.42 4703.24 4118.23 3436.07 2610.17 1605 0 1681.02 2221.2 5275.09 5164.62 4428.78 4163.97 3897.74 3614.07 3308.08 2967.94 2670.25 2405.02 2124.93 1823.49 1517.09 1371.01 1857.89 2711.75 2581.58 2893.6 3497.34 3200.54 2461.32 2276.95 2646.66 2660.83 2409.75 2019.86 3213.26 4194.33 3646.77 3423.01 2902.28 2368.57 1917.95 2233.66 2703.95 2225.2 2291.8 3487.54 4079.44 3671.54 3113.3 2388.64 2030.88 3254.99 3664.69 3353.41 2963.8 2344.34 1891.49 2459.47 3052.84 2796.68 2931.69 3167.62 3530.42 3370.25 3280.3 2781.92 2467.35 3430.22 3797.33 3157.36 2893.13 2339.2 2248.33 2021.52 1888.98 2686.84 3866.87 3494.51 2940.39 2487.15 2130.96 1977.16 2577.14 3494.52 3727.99 3115.96 2837.24 2633.44 2223.48 2671.89 3003.07 2936.96 3765.24 3831.65 3451.56 3132.49 2767.79 2613.81
5885.2 5813.82 5421.24 4861.62 4201.3 3457.08 2661.46 1681.02 0 991.53 4657.09 5980.94 5529.28 4917.57 4601.68 4313.72 4013.3 3693.54 3414.94 3145.12 2854.61 2525.08 2105.58 1546.62 1405.09 2040.28 1732.13 2043.14 2663.06 2604.17 2546.73 2429.25 2450.07 2216.5 1877.85 1140.1 2310.01 3477.18 3832.23 3842.96 3384.19 2802.58 2132.7 1922.13 2152.9 1684.08 1604.45 2682.46 3377.12 3477.81 3002.06 2233.93 1597.13 2655.31 3322.04 3495.13 3282.58 2719.49 2206.04 2236.59 2433.03 2116.38 2299.82 2418.86 2880.24 2787.33 2603.4 1978.88 1504.35 2588.44 3300.43 3403.58 3454.29 2982.21 2639.63 2096.4 1370.64 1723.35 3036.08 3168.66 3418.27 3181.71 2811.42 2477.2 2517.06 2992.95 3086.23 2788.68 2807.93 2539.35 1910.52 2003.29 2132.27 2166.14 3140.78 3362.07 3495.37 3496.53 3164.13 2821.62
5570.64 5458.05 5087.41 4576.14 3992.67 3384.74 2813.58 2221.2 991.53 0 3688.48 5742.46 5314.16 4725.59 4452.77 4212.77 3960.51 3694.08 3482.93 3281.36 3075.83 2804.64 2451.03 1794.36 1170.57 1439.54 1125.76 1243.45 1750.47 1892.14 2414.81 2441.06 2029.21 1625.57 1350.48 826.56 1401.05 2542.91 3384.46 3569.46 3265.78 2906.88 2288.75 1525.48 1520.69 1337.97 1108.86 1803.34 2487.14 2951.64 2666.24 2111.27 1294.59 1806.04 2549.97 3074.99 3013.94 2608.59 2294 1755.43 1642.14 1482.12 1706.85 1556.53 2192.79 2116.17 1940.47 1406.09 783.121 1650.93 2450.68 2999.92 3304.1 2963.72 2562.5 2038.26 1204.56 833.769 2090.48 2456.38 3226.24 3140.52 2802.93 2500.6 2044.35 2181.56 2227.67 2205.77 2525.65 2270.16 1614.89 1342.88 1330.09 1352.44 2289.91 2574.55 3027.87 3248.24 3000.85 2612.67
5414.71 5170.93 4999.29 4846.55 4761.16 4828.9 5012.12 5275.09 4657.09 3688.48 0 5572.19 5653.04 5327.09 5291.25 5285.15 5264.38 5241.92 5281.46 5319.12 5379.63 5319.11 5206.06 4691.36 3928.24 3319.54 3428.14 2959.66 2275.57 2776.08 4198.57 4522.44 3467.73 3128.96 3357.22 3855.39 2566.19 1510.79 3509.97 4260.63 4644.33 5020.94 4809.49 3644.28 3193.88 3760.61 3560.17 2392.29 1880.28 3284.26 3862.9 4239.85 3810.23 2369.97 2214.9 3534.66 3994.45 4288.96 4599.99 3323.66 2618.25 3158.91 3217.51 2479.59 2842.5 2855.24 2960.66 3361.16 3368.11 2243.33 1910.42 3570.07 4443.54 4647.41 4366.37 4254.39 3967.94 3037.02 1909.93 2524.54 4291.14 4686.37 4602.06 4553.86 3324.24 2258.13 2078.78 3007.31 3873.1 3855.51 3738.22 3133.58 2910.59 2797.24 2086.71 2204.24 3395.32 4129.86 4324.52 4093.95
4564.07 4502.54 4382.22 4270.5 4272.79 4463.23 4606.2 5164.62 5980.94 5742.46 5572.19 0 4907.28 4786.27 4816.77 4855.2 4884.42 4898.78 4956.08 5039.17 5186.53 5236.13 5324.08 5282.24 5291.73 5446.94 5516.92 5454.4 5522.94 5128.42 4460.92 4609.54 4530.98 4764.98 4954.14 5451.09 5585.18 5455.34 3439.29 3886.07 4658.35 5146.31 5281.65 5090.27 5208.92 5184.42 5216.41 5498.23 5449.18 4625.59 4979.17 5317.03 5226.31 5152.75 4613.56 3828.8 3830.35 4212.47 4604.19 4457.15 5009.83 5259.57 5293.44 5253.8 5406.09 5189.31 5401.82 5549.67 5528.65 5477.57 4793.65 3268.11 3080.85 3719.14 4083.26 4582.59 5096.41 5498.19 5616.7 4480.21 3242.47 3749.79 4015.49 4362.92 4372.11 4967.35 5271.81 4665.24 4472.11 4577.94 4805.8 5166.19 5538.24 5278.76 5160.16 4849.22 3907.09 3452.27 4100.77 4474.29
3563.74 3538.3 3378.11 3242.01 3273.37 3360.03 3680.63 4428.78 5529.28 5314.16 5653.04 4907.28 0 3393.3 3729.27 3836.14 3885.63 3904.95 3987.74 4122.81 4263.16 4350.75 4502.56 4601.46 4743.69 5029.87 5218.85 5177.48 5260.11 5091.64 4878.27 4959.15 4763.57 4826.57 4927.6 5181.91 5262.31 5351.01 4620.33 4322.65 4136.9 4498 4650.91 4540.13 4810.05 5000.96 5041.06 5247 5325.98 5036.13 4924.41 4908.87 4759.77 4824.92 4772.26 4677.22 4525.2 4488.55 4731.75 4662.85 4959.87 5110.91 5148.56 5083.21 5282.98 5155.7 5256.91 5285.75 5207.44 5217.99 4962.54 4391.44 4415 4310.26 4441.81 4719.02 4969.25 5168.92 5342.27 4802.05 4499.16 4208.91 4177.2 4425.76 4402.43 4839.78 5110.21 4893.13 4904.26 4897.1 4897.45 5031.89 5228.35 5084.16 5136.2 5029.82 4716 4602.31 4434.33 4494.21
2707.33 2707.72 2484.96 2245.73 2103.95 2245 2708.25 4163.97 4917.57 4725.59 5327.09 4786.27 3393.3 0 2063.17 2583.43 2734.39 2802.55 2929.47 3053.14 3240.33 3407.6 3682.65 3884.8 4105.03 4547.3 4661.66 4636.85 4765.03 4593.63 4373.05 4448.77 4279.55 4319.12 4385.69 4595.22 4737.91 4921.63 4250.53 4199.96 4168.65 4307.78 4292.31 4157.2 4383.04 4462.77 4474.05 4753.72 4889.49 4614.39 4564.6 4526.57 4296.05 4401.36 4385.9 4277.09 4164 4125.33 4281.96 4160.13 4455.91 4574.73 4621.9 4570.55 4796.33 4672.17 4759.85 4740.87 4638.8 4716.79 4520.9 3967.95 4003.19 3967.78 4042.78 4225.17 4405.22 4616.27 4875.5 4347.31 4063.5 3963.97 3915.77 4010.83 3972.46 4428.21 4683.87 4410.12 4404.95 4384.97 4350.89 4492.92 4696.24 4552.85 4677.18 4590.28 4292.91 4183.01 4147.08 4187.99
2592.04 2599.86 2312.34 1933.24 1703.2 1797.15 2626.14 3897.74 4601.68 4452.77 5291.25 4816.77 3729.27 2063.17 0 1462.91 1897.45 2026.35 2167.56 2357.09 2643.79 2928.81 3317.84 3548.79 3885.82 4330.6 4416.46 4416.91 4589.96 4404.24 4142.62 4199.67 4072.75 4112.3 4145.53 4314.49 4536.37 4802.35 4146.04 4091.41 4032.42 4127.71 4090.52 3969.05 4189.77 4215.48 4228.53 4582.81 4765.37 4469.59 4367.6 4274.55 4064.07 4260.26 4271.16 4124.18 3983.93 3910.09 4033.47 3951.53 4264.8 4347.4 4406.2 4381.37 4614.17 4484.68 4550.43 4491.57 4383.6 4542.58 4407.46 3853.46 3862.04 3788.61 3849.61 3993.3 4140.22 4385.56 4734.74 4223.24 3913.76 3799.62 3728.67 3810.49 3816.35 4300.61 4538.84 4219.34 4188.32 4155 4097.96 4267.75 4485.18 4348.24 4537.59 4461.59 4153 4024.63 3968.2 3989.41
2651.46 2659.15 2326.97 1882.05 1539.04 1605.26 2568.42 3614.07 4313.72 4212.77 5285.15 4855.2 3836.14 2583.43 1462.91 0 859.336 1131.18 1422.26 1757.56 2195.8 2591.36 3000.98 3312.89 3665.22 4122.6 4206.11 4234.63 4445.05 4242.74 3932.52 3967.11 3883.2 3929.12 3927.26 4060.88 4364.75 4713.98 4061.33 3971.45 3853.46 3899.04 3852.49 3774.15 4012.47 3994.89 4020.11 4444.58 4668.71 4341.56 4169.86 4024.7 3838.83 4131.65 4173.86 3989.5 3823.34 3706.98 3802.16 3767.27 4102.03 4150.66 4218.39 4224.1 4464.54 4323.41 4360.31 4264.43 4160.59 4408.34 4337.08 3777.72 3749.93 3620.16 3665.56 3777.98 3898.49 4188.82 4630.97 4138.05 3788.63 3634.26 3536.6 3601.72 3660.42 4181.76 4412.62 4057.42 3999.2 3943.87 3869.81 4069.7 4305.68 4179.96 4431.25 4363.99 4043.65 3894.53 3798.02 3795.18
2884.71 2895.99 2550.91 2082.76 1653.05 1576.99 2363.48 3308.08 4013.3 3960.51 5264.38 4884.42 3885.63 2734.39 1897.45 859.336 0 481.927 919.523 1372.73 1870.4 2273.19 2712.97 3048.68 3411.58 3911.11 3988.3 4043.31 4286.69 4065.07 3704.94 3719.72 3681.55 3730.06 3699.98 3798.2 4187.23 4609.56 3960.43 3840.54 3653.66 3641.25 3579.06 3550.02 3818.66 3763.94 3801.12 4294.96 4556.59 4203.5 3966.73 3766.02 3592.37 3990.05 4071.15 3852.43 3660.78 3494.19 3549.57 3566.24 3928.3 3946.21 4026.44 4057.63 4305.28 4152.84 4168.44 4032.31 3926.72 4256.32 4245.7 3685.44 3627.94 3441.93 3464.18 3542.77 3640.92 3977.66 4509.17 4036.28 3654.21 3452.58 3323.59 3370.56 3481.48 4051.81 4279.05 3887.93 3804.41 3728.13 3627.88 3859.09 4114.28 3997.7 4312.15 4258.47 3926.18 3756.74 3622.92 3596.4
3110.84 3123.88 2763.26 2257.96 1746.07 1492.04 2095.91 2967.94 3693.54 3694.08 5241.92 4898.78 3904.95 2802.55 2026.35 1131.18 481.927 0 523.422 1016.58 1524.04 1926.57 2367.32 2717.9 3136.94 3701.31 3762.97 3846.95 4130.88 3885 3461.42 3447.66 3462.64 3515.69 3470.75 3528.65 4013.18 4507.53 3852.87 3699.23 3436.38 3352.57 3264.96 3295.95 3613.87 3524.73 3569.6 4141.9 4445.79 4075.45 3784.13 3514.38 3327.63 3843.41 3981.02 3730.25 3500.95 3268.96 3263.78 3350.87 3755.39 3744.74 3842.3 3893.99 4142.19 3976.02 3980.6 3805.05 3680.51 4096.46 4146.7 3572.22 3480.66 3240.44 3238.56 3282.26 3362.15 3754.59 4380.99 3923.02 3504.85 3249.37 3084.78 3115.85 3289.53 3924.12 4153.79 3724.05 3609.19 3510.2 3376.06 3649.9 3921.21 3807.42 4191.52 4154.89 3807.34 3608.8 3439.68 3393.44
3416.51 3430.12 3059.78 2533.87 1966.46 1546.95 1902.07 2670.25 3414.94 3482.93 5281.46 4956.08 3987.74 2929.47 2167.56 1422.26 919.523 523.422 0 594.422 1139.86 1569.12 2030.35 2413.42 2926.23 3562.87 3597.03 3717.12 4041.79 3769.95 3262.24 3211.92 3295.11 3345.68 3292.27 3315.58 3912.12 4471.71 3807.42 3600.37 3262.11 3104.53 2987.82 3094.25 3460.23 3331.66 3393.44 4056.58 4396.89 4006.92 3670.66 3332.79 3121.27 3769.32 3969.28 3690.37 3413.92 3096.71 3012.55 3194.58 3646.84 3605.28 3714.82 3795.51 4050.48 3870.68 3862.92 3645.28 3501.75 4000.87 4112.3 3514.75 3372.58 3072.22 3054.95 3068.9 3130.18 3589.05 4308.56 3877.08 3412.14 3110.84 2911.83 2913.04 3155.86 3864.31 4098.92 3634.63 3494.97 3373.77 3185.71 3497.83 3779.81 3673.01 4146.72 4139.9 3766.83 3517.53 3295.13 3230.71
3752.13 3764.34 3388.33 2844.97 2240.91 1694.49 1777.52 2405.02 3145.12 3281.36 5319.12 5039.17 4122.81 3053.14 2357.09 1757.56 1372.73 1016.58 594.422 0 664.239 1170.21 1673.06 2114.29 2737.13 3460.55 3460.88 3611.83 3969.03 3662.4 3072.95 2986.35 3138.55 3183.08 3130.12 3109.2 3823.14 4446.34 3766.53 3508.96 3107.25 2871.77 2710.9 2906.99 3329.41 3163.08 3230.89 3981.45 4347.52 3940.56 3568.44 3175.45 2915.61 3689.81 3961.47 3677.53 3361.82 2946.02 2765.59 3051.14 3549.13 3472.27 3582.53 3687.4 3961.64 3776.79 3757.76 3500.47 3340.66 3918.5 4078.9 3452.91 3261.73 2902.61 2867.84 2850.9 2893.67 3427.81 4240.71 3825.77 3336.22 3000.78 2772.82 2730.45 3025.18 3801.54 4049.83 3559.25 3393.6 3251.98 3005.4 3345.68 3633.55 3543.95 4104.33 4123.55 3730.36 3432.59 3160.54 3075.77
4138.11 4146.37 3764.45 3207.9 2573.17 1921.22 1712.71 2124.93 2854.61 3075.83 5379.63 5186.53 4263.16 3240.33 2643.79 2195.8 1870.4 1524.04 1139.86 664.239 0 695.883 1312.39 1820.19 2547.25 3364.73 3323.21 3513.79 3913.44 3581.46 2937.85 2818.74 3044.81 3067.14 2998.62 2908.3 3744.51 4434.22 3770.41 3488.64 3003.29 2664.49 2434.76 2740.96 3224.77 3002.49 3075 3920.32 4310.75 3895.36 3488.03 3035.11 2712.74 3618.91 3975.53 3705.33 3365.14 2853.39 2558.27 2956.02 3482.33 3357.5 3467.58 3608.99 3908.36 3719.5 3676.84 3373.33 3188.72 3851.03 4071.51 3445.43 3220.06 2800.76 2732.8 2663.49 2677.24 3278.4 4189.34 3813.14 3314.15 2924.04 2659.84 2571.58 2932.8 3757.82 4021.87 3526.74 3339.43 3176.34 2867.49 3220.85 3499.08 3425.43 4080.81 4131.88 3734.52 3409.78 3093.16 2993.74
4428.14 4424.74 4036.69 3469.26 2809.86 2090.51 1635.75 1823.49 2525.08 2804.64 5319.11 5236.13 4350.75 3407.6 2928.81 2591.36 2273.19 1926.57 1569.12 1170.21 695.883 0 873.633 1457.34 2252.72 3142.67 3106.66 3323.09 3766.2 3466.91 2788.93 2598.73 2850.69 2876.27 2790.51 2634.35 3556.01 4345.89 3756.9 3414.82 2857.11 2429.8 2134.12 2484.16 3010.59 2762.39 2835.09 3752.14 4192.87 3805.48 3362.25 2838.16 2465.03 3451.84 3867.53 3666.98 3335.33 2737.12 2352.37 2775.38 3311.12 3171.14 3278.53 3446.48 3784.94 3594.73 3525.43 3170.35 2944.34 3688 3981.38 3363.57 3113.29 2622.47 2524.2 2411.97 2395.34 3070.51 4063.33 3724.01 3222.06 2805.05 2509.55 2396.39 2802.29 3630.35 3899.97 3434.48 3242.37 3022.46 2658.91 3027.24 3316.63 3252.25 3965.98 4026.46 3659.73 3336.5 2956.44 2820.48
4757.45 4738.5 4345.7 3772.87 3095.32 2337.24 1689.33 1517.09 2105.58 2451.03 5206.06 5324.08 4502.56 3682.65 3317.84 3000.98 2712.97 2367.32 2030.35 1673.06 1312.39 873.633 0 959.885 1962.63 2925.82 2860.58 3048.4 3525.68 3272.5 2611.98 2360.5 2607.28 2657.96 2577.92 2285.24 3276.38 4199.62 3757.96 3376.63 2730.92 2185.23 1805.34 2136.77 2736.85 2529.87 2529.77 3501.06 4049.43 3726.83 3241.98 2577.38 2132.32 3259.01 3762.28 3609.78 3266.43 2627.87 2110.65 2512.02 3068.98 2942.77 3095.22 3203.66 3519 3382.44 3370.67 2965.17 2614.04 3429.12 3814.74 3265.72 3030.36 2489.66 2341.15 2134.45 2065.61 2801.25 3855.72 3515.86 3082.86 2676.8 2378.27 2222.95 2643.16 3508.34 3768.35 3294.31 3091.8 2841.12 2379.82 2774.51 3081.71 3023.3 3735.21 3794.59 3500.4 3237.07 2881.08 2687.53
4918.79 4868.02 4474.14 3907.96 3243.45 2493.32 1772.68 1371.01 1546.62 1794.36 4691.36 5282.24 4601.46 3884.8 3548.79 3312.89 3048.68 2717.9 2413.42 2114.29 1820.19 1457.34 959.885 0 1223.08 2229.01 2245.53 2400.96 2871 2797.23 2377.5 2134.84 2142.85 2134.68 2015.29 1700.51 2612.04 3648.97 3547.87 3240.38 2622.79 2103.18 1585.38 1476.97 2025.35 1929.34 1929.43 2844.94 3505.26 3348.89 2891.14 2235.85 1663.18 2700.75 3274.2 3299.82 3056.4 2487.68 1940.41 2006.92 2478.99 2446.4 2592.16 2640.4 3016 2861.49 2830.48 2412.77 1985.46 2830.26 3336.13 2982.34 2876.92 2349.67 2082.88 1735.97 1444.89 2168.14 3259.82 3051.7 2866.14 2532.62 2252.43 2120.49 2283.07 3005.15 3233.69 2884.85 2824.52 2501.58 1977.61 2230.14 2508.3 2477.17 3175.44 3285.44 3228.7 3113.63 2775.03 2505.08
5020.43 4924.84 4547.95 4023.69 3421.48 2794.21 2203.87 1857.89 1405.09 1170.57 3928.24 5291.73 4743.69 4105.03 3885.82 3665.22 3411.58 3136.94 2926.23 2737.13 2547.25 2252.72 1962.63 1223.08 0 1138.48 1416.32 1581.68 2096.6 2376.26 2526.61 2412.25 1966.78 1773 1501.48 1267.16 1758.85 2926.21 3393.25 3298.05 2894.53 2605.83 2089.67 1273.21 1352.84 1353.96 1344.81 2029 2820.03 2998.28 2645.52 2186.49 1539.88 1941.25 2535.12 2959.28 2961.77 2597.06 2313.34 1801.64 1861.7 1887.77 1959.37 1948.65 2570.71 2396.07 2192.64 1811.79 1399.11 2138.1 2784.78 2836.01 2959.92 2531.93 2217.53 1829.45 1227.52 1478.68 2507.21 2620.57 2933.09 2756.59 2468.06 2316.6 1986.29 2264.35 2465.09 2470.02 2702.91 2339.25 1863.43 1708.68 1846.62 1916.58 2576.85 2726.58 3047.82 3164.37 2826.82 2458.65
5226.23 5092.9 4749.55 4292.85 3798.41 3332.44 2958.92 2711.75 2040.28 1439.54 3319.54 5446.94 5029.87 4547.3 4330.6 4122.6 3911.11 3701.31 3562.87 3460.55 3364.73 3142.67 2925.82 2229.01 1138.48 0 1026.63 1138.92 1668.76 2350.24 3048.37 3068.19 2340.88 2015.74 1718.59 1704.67 1363.8 2431.5 3549.32 3677.34 3488.13 3409.14 2975.3 1877.34 1393.97 1572.6 1538.63 1567.25 2523.64 3105.41 2871.34 2607.35 2070.81 1690.43 2230.54 2975.21 3164.54 3060.36 3027.43 2160.48 1763.18 1894.42 1962.56 1738.83 2491.82 2345.29 2059.83 1841.79 1542.55 1796.08 2522.18 3066.17 3381.82 3074.32 2779.64 2484.56 1895.09 1494.75 2030.78 2574.06 3384.95 3360.31 3065.85 2903.52 2203.59 1994.79 2104.15 2473.32 2989.77 2684.63 2294.58 1820.03 1731.1 1892.5 2352.5 2557.11 3212.19 3499.85 3210.82 2795.7
5414.67 5289.32 4936.52 4459.19 3933.94 3419.21 2970.62 2581.58 1732.13 1125.76 3428.14 5516.92 5218.85 4661.66 4416.46 4206.11 3988.3 3762.97 3597.03 3460.88 3323.21 3106.66 2860.58 2245.53 1416.32 1026.63 0 766.496 1738.77 2104.79 2882.87 2980.86 2413.69 1984.37 1724.57 1496.54 1481.74 2346.78 3413.93 3761.29 3625.51 3453.39 2919.18 2020.48 1731.95 1604.04 1459.85 1756.95 2632.73 3172.6 2949.88 2544.68 1811.7 1702.02 2434.95 2962.08 3046.35 2910.21 2815.98 2142.25 1858.28 1813.1 2054.75 1659.62 2317.81 2259.13 2099.06 1769.19 1310.01 1655.4 2388.15 3059.6 3377.31 3093.44 2735.73 2377.53 1803.39 1255.33 1927.63 2516.21 3425.73 3419.72 3049.17 2750.96 2099.85 2122.94 2229.28 2348.19 2824.35 2661.92 2119.34 1798.06 1614.7 1643.59 2307.57 2653.94 3154.75 3360.94 3178.42 2817.44
5319.37 5173.62 4837.25 4395.1 3918.15 3486.46 3151.02 2893.6 2043.14 1243.45 2959.66 5454.4 5177.48 4636.85 4416.91 4234.63 4043.31 3846.95 3717.12 3611.83 3513.79 3323.09 3048.4 2400.96 1581.68 1138.92 766.496 0 1160.92 1808.6 2854.68 3017.12 2247.33 1826.53 1711.17 1640.64 1039.43 1897.43 3321.18 3733.27 3628.13 3520.32 3020.07 1865.19 1481.17 1760.21 1492.38 1263.41 2241.84 3074.07 2971.81 2647.14 1917.52 1472.14 2221.19 2923.17 3043.37 2991.85 2896.69 1915.83 1497.84 1765.92 2057.33 1350.9 1880.02 1914.44 1928.97 1728.71 1161.7 1178.58 1967.29 2907.32 3366.49 3175.83 2768.85 2414.9 1885.02 1117.93 1421.04 2033.37 3269.89 3388.45 3163.83 2971.82 2132.37 1933.44 1924.74 2154.36 2726.53 2550.67 2079.46 1707.41 1487.16 1426.1 1753.72 2158.91 2988.05 3381.68 3319.24 2954.39
5302.36 5126.7 4822.85 4445.47 4061.31 3758.92 3586.26 3497.34 2663.06 1750.47 2275.57 5522.94 5260.11 4765.03 4589.96 4445.05 4286.69 4130.88 4041.79 3969.03 3913.44 3766.2 3525.68 2871 2096.6 1668.76 1738.77 1160.92 0 1483.23 2891.93 3147.44 2178.83 1724.24 1778.48 2040.61 775.871 1211.73 3200.17 3654.22 3612.55 3654.4 3257.94 1935.37 1404.3 2068.96 1831.96 798.847 1470 2747.14 2852.68 2788.01 2210.12 1416.59 1934.45 2945.68 3157.53 3153.55 3135.02 1811.43 1091.76 1764.7 2016.33 1148.68 1658.03 1643.01 1799.72 1833.21 1503.7 754.119 1502.26 2912.18 3587.98 3500.12 3071.79 2732.24 2220.28 1280.05 869.936 1739.5 3304.28 3498.04 3373.25 3289.95 2250.11 1685.82 1475.42 2045.1 2792.62 2594.09 2194.07 1567.12 1385.3 1294 1225.1 1649.77 2839.33 3451.05 3470.35 3110.59
5123.01 4968.02 4654.04 4252.12 3843.39 3507.53 3286.94 3200.54 2604.17 1892.14 2776.08 5128.42 5091.64 4593.63 4404.24 4242.74 4065.07 3885 3769.95 3662.4 3581.46 3466.91 3272.5 2797.23 2376.26 2350.24 2104.79 1808.6 1483.23 0 1855.83 2359.96 1686.68 1281.13 1496.15 1905.24 1720.61 1568.16 2272.24 3007.4 3009.85 3051.81 2756.45 2028.84 2122.47 2303.21 2113.63 1928.41 1803.78 2378.78 2363.41 2327.51 1821.65 1685.15 2124.66 2407.59 2280.78 2194.94 2283.27 1419.01 1416.04 1627.68 2039.5 1322.86 1425.16 1225.36 1372.43 1454.54 1501 1475.99 1542.24 2628.37 3176.02 3055.31 2590.37 2301.14 2002.44 1403.76 1699.69 1666.42 2952.74 3176.84 2978.7 2825.02 1942.81 1755.16 1551.47 1188.76 1774.1 1752.92 1390.14 1454.71 1651.32 1212.57 1618.72 1931 2437.8 2739.14 2776.48 2477.65
4994.05 4907.56 4562.87 4090.52 3582.61 3103.73 2650.27 2461.32 2546.73 2414.81 4198.57 4460.92 4878.27 4373.05 4142.62 3932.52 3704.94 3461.42 3262.24 3072.95 2937.85 2788.93 2611.98 2377.5 2526.61 3048.37 2882.87 2854.68 2891.93 1855.83 0 859.437 1308.71 1520.24 1752.78 2088.05 2893.95 3204.78 2016.7 2237.87 2183.79 2050.02 1891.04 2071.37 2681.92 2574.5 2554.12 3165.52 3086.6 2690.8 2506.94 2276.89 1969.4 2746.19 2893.32 2423.11 1879.03 1153.82 958.529 1425.3 2338.45 2306.89 2547.92 2427.59 2464.63 2187.75 2238.92 2026.3 2139.38 2828.91 2798.32 2414.31 2419.04 2179.35 1869.85 1702.38 1758.96 2281.48 3170.2 2420.38 2214.92 2370.59 2245.06 2147.97 2065.08 2665.01 2708.12 1724.69 1316.38 1239.79 1023.13 2048.11 2619.33 2281.64 2887.05 2949.42 2534.71 2183.32 2079.72 1907.37
5130.62 5059.61 4705.3 4212.14 3667.88 3126.97 2580.06 2276.95 2429.25 2441.06 4522.44 4609.54 4959.15 4448.77 4199.67 3967.11 3719.72 3447.66 3211.92 2986.35 2818.74 2598.73 2360.5 2134.84 2412.25 3068.19 2980.86 3017.12 3147.44 2359.96 859.437 0 1228.86 1660.19 1924.07 2114.26 3044.34 3568.27 2485.58 2132.95 1906.07 1597.33 1428.81 1935.99 2703.82 2619.37 2643.76 3356.68 3398.41 2929.99 2689.39 2348.04 2008.72 2892.73 3131.14 2774.92 2309.92 1393.14 846.901 1591.19 2537.09 2550.07 2734.94 2665.43 2725.56 2445.18 2469.15 2167.47 2202.52 3049.84 3199.18 2656.93 2452.02 2104.63 1769.39 1501.12 1592.74 2419.45 3455.58 2799.47 2320.19 2303.94 2150.74 2069.09 2207.96 2860.2 2979.96 2201.78 1799.57 1536.13 1255.67 2252.05 2825.02 2559.62 3143.7 3185.69 2775.42 2368.7 2115.48 1914.05
4853.44 4730.17 4394.72 3950.99 3480.67 3075.38 2738.09 2646.66 2450.07 2029.21 3467.73 4530.98 4763.57 4279.55 4072.75 3883.2 3681.55 3462.64 3295.11 3138.55 3044.81 2850.69 2607.28 2142.85 1966.78 2340.88 2413.69 2247.33 2178.83 1686.68 1308.71 1228.86 0 841.919 1399.81 1852.29 2142.33 2603.23 2248.93 2027.33 1951.47 2008.8 1825.31 1329.8 1918 2249.56 2183.16 2391.33 2489.95 2477.9 2431.22 2304.69 1790.91 1979.21 2276.83 2424.6 2253.35 1736 1544.3 908.333 1661.33 2036.63 2221.18 1780.78 1917.17 1642.23 1747.12 1657.08 1636.66 2156.56 2360.32 2290.84 2408.64 2174.87 1724.52 1442.97 1367.57 1748.63 2482.47 1938.45 2181.94 2360.81 2306.95 2298.49 1727.83 1949.19 2057.63 1676.18 1778.76 1393.58 1092.47 1662.11 2139.38 1883.04 2160.42 2235.53 2369.25 2374.82 2228.43 1872.63
4949.13 4814.26 4475.72 4028.98 3555.52 3136.86 2804.51 2660.83 2216.5 1625.57 3128.96 4764.98 4826.57 4319.12 4112.3 3929.12 3730.06 3515.69 3345.68 3183.08 3067.14 2876.27 2657.96 2134.68 1773 2015.74 1984.37 1826.53 1724.24 1281.13 1520.24 1660.19 841.919 0 874.702 1542.36 1739.85 2132.16 2222.35 2306.82 2274.31 2333.17 2033.23 1284.63 1531.93 1752.42 1727.99 1938.81 1954.48 2116.28 2135.76 2074.76 1449.15 1630.03 2029.17 2362.29 2245.84 1843.3 1751.89 883.275 1177.96 1443.39 1666.39 1346.65 1875.5 1544.1 1466.5 1409.71 1383.36 1671.16 1911.51 2190.79 2533.94 2360.24 1978.21 1685.72 1253.56 1197.96 1961.11 1835.88 2447.1 2550.56 2347.02 2201.46 1372.91 1567.3 1673.23 1494.65 1938.4 1671.83 1081.3 1134.85 1473.67 1294.69 1926.97 2103.14 2270.5 2353.59 2168.04 1816.08
5058.89 4935.2 4584.21 4106.97 3590.58 3096.18 2671.24 2409.75 1877.85 1350.48 3357.22 4954.14 4927.6 4385.69 4145.53 3927.26 3699.98 3470.75 3292.27 3130.12 2998.62 2790.51 2577.92 2015.29 1501.48 1718.59 1724.57 1711.17 1778.48 1496.15 1752.78 1924.07 1399.81 874.702 0 1033.72 1612.67 2302.85 2502.94 2735.6 2600.02 2550.73 2224.75 1523.03 1465.37 1300.84 1365.74 1933.18 2031.59 2012.05 1809.63 1698.87 1325.03 1801.38 1983.28 2236.33 2245.33 1960.93 1944.84 1191.7 1203.65 1044.98 1167.57 1351.36 2212.39 1907.57 1559.96 1307.93 1356.17 1782.4 2071.78 2364.6 2718.53 2478.09 2247.89 1947.32 1252.73 1158.01 2132.86 2122.79 2574.5 2582.21 2264.13 2026.17 1419.04 1726.95 1809.73 1596.42 2088.21 1840.78 1190.82 891.689 1246.59 1202.04 2127.51 2255.65 2294.85 2419.43 2164.65 1820.99
5410.03 5307.54 4935.58 4415.34 3823.52 3203.89 2598.2 2019.86 1140.1 826.56 3855.39 5451.09 5181.91 4595.22 4314.49 4060.88 3798.2 3528.65 3315.58 3109.2 2908.3 2634.35 2285.24 1700.51 1267.16 1704.67 1496.54 1640.64 2040.61 1905.24 2088.05 2114.26 1852.29 1542.36 1033.72 0 1629.19 2738.6 3124.15 3279.53 2975.74 2644.72 2129.31 1588.1 1681.65 1365.14 1194.61 2106.94 2552.85 2626.8 2234.97 1691.27 1139.68 2000.88 2450.46 2767.65 2743.94 2313.6 2016.2 1561.93 1649.76 1385.45 1522.79 1586.69 2355.43 2241.21 2026.69 1473.22 1120.93 1932.7 2494.59 2822.17 3061.82 2681.74 2370.99 1889.21 1102.89 1213.47 2432.04 2459.39 2896.97 2807.51 2431.03 2106.7 1866.61 2234.78 2347.01 2122.65 2352.06 2082.75 1345.11 1203.33 1473.76 1390.68 2359.61 2527.53 2674.51 2824.29 2587.34 2251.82
5337.55 5173.14 4853.61 4443.34 4009.65 3642.22 3386.61 3213.26 2310.01 1401.05 2566.19 5585.18 5262.31 4737.91 4536.37 4364.75 4187.23 4013.18 3912.12 3823.14 3744.51 3556.01 3276.38 2612.04 1758.85 1363.8 1481.74 1039.43 775.871 1720.61 2893.95 3044.34 2142.33 1739.85 1612.67 1629.19 0 1600.84 3306.97 3645.52 3546.56 3512.9 3085.24 1831.46 1304.15 1790.93 1473.5 786.769 1634.68 2683.68 2671.87 2511.41 1942.01 1274.16 1838.7 2940.87 3205.38 3106.74 3040.25 1785.69 1042.42 1530.33 1700.3 988.396 1847.04 1892.27 1886.31 1726.36 1284.53 839.777 1709.21 2904.51 3505.52 3349.62 2965.23 2580.8 1990.89 1139.52 1256.75 1901.48 3248.08 3381.2 3198.12 3055.96 2148.97 1670.47 1619.53 2160.21 2808.87 2550.15 2079.67 1336.96 1158.68 1207.7 1341.84 1637.9 2736.69 3339.22 3289.77 2911.68
5268.85 5064.32 4809.64 4518.59 4259.49 4116.79 4111.92 4194.33 3477.18 2542.91 1510.79 5455.34 5351.01 4921.63 4802.35 4713.98 4609.56 4507.53 4471.71 4446.34 4434.22 4345.89 4199.62 3648.97 2926.21 2431.5 2346.78 1897.43 1211.73 1568.16 3204.78 3568.27 2603.23 2132.16 2302.85 2738.6 1600.84 0 2892.79 3697.74 3895.82 4110.83 3811.89 2706.16 2333.39 2765.54 2570.92 1516.85 1218.45 2620.39 2973.3 3170.17 2663.81 1560.81 1896.76 2915.7 3249.45 3401.94 3555.74 2332.02 1622.3 2145.21 2426.46 1574.3 1897.36 1807.28 1964.72 2294.97 2227.32 1198.04 1254.78 3083.58 3890.43 3940.95 3519.02 3276.53 2929.99 1925.1 1094.65 1983.97 3652.79 3884.34 3713.93 3628.81 2480.17 1717.52 1483.8 2160.5 3003 2938.56 2658.33 2121.29 1875.25 1651.88 1238.2 1644.67 2764.31 3442.73 3606.24 3344.23
4494.27 4357.96 4099.13 3784.27 3522.77 3416.84 3379.25 3646.77 3832.23 3384.46 3509.97 3439.29 4620.33 4250.53 4146.04 4061.33 3960.43 3852.87 3807.42 3766.53 3770.41 3756.9 3757.96 3547.87 3393.25 3549.32 3413.93 3321.18 3200.17 2272.24 2016.7 2485.58 2248.93 2222.35 2502.94 3124.15 3306.97 2892.79 0 2033.29 2785.24 3215.73 3233.56 3044.87 3313.63 3248.39 3213.19 3357.11 2847.54 2186.49 2591.85 2964.44 2731.81 2763.25 2535.52 1998.99 1898.41 2057.32 2451.29 2237.88 2682.33 2756.08 2931.31 2773.09 2947.39 2591.05 2658.65 2930.4 3104.72 3073.14 2503.24 2045.37 2434.48 2727.51 2607.3 2736.35 2932.41 2959.19 3242.29 2480.63 2393.59 2690.64 2570.62 2602.86 2108.4 2532.84 2750.29 2109.24 2115.21 2250.52 2319.99 2706.17 3029.36 2659.81 2825.92 2691.06 1905.14 1704.3 2281.21 2426.63
4526.86 4427.88 4151.21 3805.83 3493.32 3302.75 3192.37 3423.01 3842.96 3569.46 4260.63 3886.07 4322.65 4199.96 4091.41 3971.45 3840.54 3699.23 3600.37 3508.96 3488.64 3414.82 3376.63 3240.38 3298.05 3677.34 3761.29 3733.27 3654.22 3007.4 2237.87 2132.95 2027.33 2306.82 2735.6 3279.53 3645.52 3697.74 2033.29 0 1449.64 2274.87 2618.77 2799.49 3313.05 3452.11 3525.8 3785.09 3484.26 2650.97 2786.1 2996.51 2828.2 3116.62 3116.48 2821.52 2529.45 2127.5 2341.44 2419.93 3023.63 3212.2 3302.13 3186.74 3396.09 3021.6 3019.88 3162.01 3325.48 3561.43 3429.22 2697.02 2551 2522.77 2427.19 2543.68 2804.51 3249.37 3784.17 3210.18 2664.36 2571.57 2437.2 2509.4 2249.71 2790.11 3170.93 2848.01 2786.62 2604.44 2517.12 2973.3 3396.86 3212.56 3427.51 3281.53 2583.33 2134.11 2119.12 2119.51
4715.55 4642.34 4326.75 3909.65 3489.05 3115.08 2842.04 2902.28 3384.19 3265.78 4644.33 4658.35 4136.9 4168.65 4032.42 3853.46 3653.66 3436.38 3262.11 3107.25 3003.29 2857.11 2730.92 2622.79 2894.53 3488.13 3625.51 3628.13 3612.55 3009.85 2183.79 1906.07 1951.47 2274.31 2600.02 2975.74 3546.56 3895.82 2785.24 1449.64 0 1113.08 1757.7 2321.83 3077.76 3259.99 3364.2 3775.59 3675.11 2925.09 2653.16 2616.24 2523.46 3145.51 3342.15 3070.72 2663.98 2065.34 2073.7 2359.04 3026.65 3150.38 3254.84 3172.76 3344.83 3009.67 2948.35 2927.11 3076.19 3581.02 3679.18 3130.98 2897.96 2531.79 2331.84 2297.97 2469.56 3086.04 3856.16 3375.77 2883.88 2543.57 2353.9 2403.43 2352.95 2942.86 3245.93 2892.21 2806.61 2557.17 2357.77 2867.69 3314.53 3176.15 3534.66 3474.45 2998.04 2603.68 2247.6 2073.17
5087.11 5038.18 4687.16 4200.2 3662.5 3099.56 2586.13 2368.57 2802.58 2906.88 5020.94 5146.31 4498 4307.78 4127.71 3899.04 3641.25 3352.57 3104.53 2871.77 2664.49 2429.8 2185.23 2103.18 2605.83 3409.14 3453.39 3520.32 3654.4 3051.81 2050.02 1597.33 2008.8 2333.17 2550.73 2644.72 3512.9 4110.83 3215.73 2274.87 1113.08 0 909.658 2079.72 3025.39 3073.78 3156.32 3821.04 3897.98 3278.11 2841.39 2462.47 2273.61 3246.24 3614.31 3345.82 2860.07 2053.06 1697.57 2353.31 3103.87 3110.32 3239.36 3213.5 3310.85 3030.23 2971.66 2734.6 2787.95 3598.03 3861.07 3343.58 3060.38 2573.16 2275.5 2031.69 2102.09 2919.3 3961.04 3506.07 3013.54 2594.12 2354.74 2318.59 2558.67 3216.59 3440.07 2945.13 2691.74 2425.6 2160.25 2828.49 3283.83 3128.6 3662.97 3680.56 3303.75 2915.92 2499.64 2284.02
5202.15 5146.96 4774.79 4252.3 3656.08 3003.63 2361.51 1917.95 2132.7 2288.75 4809.49 5281.65 4650.91 4292.31 4090.52 3852.49 3579.06 3264.96 2987.82 2710.9 2434.76 2134.12 1805.34 1585.38 2089.67 2975.3 2919.18 3020.07 3257.94 2756.45 1891.04 1428.81 1825.31 2033.23 2224.75 2129.31 3085.24 3811.89 3233.56 2618.77 1757.7 909.658 0 1572.37 2590.17 2585.93 2628.97 3406.88 3628.51 3253.78 2875.2 2367.33 1838.03 2863.76 3394.68 3304.38 2905.29 2036.84 1402.69 2051.97 2776.87 2760.13 2892.44 2836 2982.42 2755.52 2730.88 2359.61 2241.46 3163.08 3535.91 3134.94 2926.7 2425.45 2021.67 1586.14 1508.87 2388.52 3542.58 3187.29 2909.54 2539.69 2269.53 2153 2348.29 2980.94 3191.3 2738.63 2517.62 2249.71 1837.1 2457.97 2860.15 2706.44 3353.56 3471.43 3269.99 2972.32 2572.05 2324.7
4950.13 4839.05 4479.98 3995.68 3460.37 2932.65 2489.28 2233.66 1922.13 1525.48 3644.28 5090.27 4540.13 4157.2 3969.05 3774.15 3550.02 3295.95 3094.25 2906.99 2740.96 2484.16 2136.77 1476.97 1273.21 1877.34 2020.48 1865.19 1935.37 2028.84 2071.37 1935.99 1329.8 1284.63 1523.03 1588.1 1831.46 2706.16 3044.87 2799.49 2321.83 2079.72 1572.37 0 1184.41 1781.1 1698.6 2036.16 2550.94 2792.47 2650.87 2314.06 1542.74 1849.27 2438.79 2896.16 2842.06 2368.36 1956.61 1273.26 1641.42 2014.18 2129.02 1781.15 2167.85 2021.27 2115.38 1841.49 1407.21 1945.03 2462.85 2547.39 2732.51 2383.1 1944.72 1506.49 1090.1 1422.08 2264.85 2125.69 2575.25 2493.21 2366.48 2338.12 1823.93 2083.11 2248.08 2221.64 2463.83 2124.65 1597.16 1612.73 1894.22 1812.17 2227.08 2423.51 2809.59 2947.48 2713.1 2361.41
5079.4 4943.62 4603.71 4154.9 3675.14 3235.36 2896.03 2703.95 2152.9 1520.69 3193.88 5208.92 4810.05 4383.04 4189.77 4012.47 3818.66 3613.87 3460.23 3329.41 3224.77 3010.59 2736.85 2025.35 1352.84 1393.97 1731.95 1481.17 1404.3 2122.47 2681.92 2703.82 1918 1531.93 1465.37 1681.65 1304.15 2333.39 3313.63 3313.05 3077.76 3025.39 2590.17 1184.41 0 1267.6 1263.2 1339.64 2111.53 2633.85 2592.16 2426.07 1867.23 1801.38 2173.63 2906.55 3078.6 2883.71 2720.16 1560.69 1180.58 1663.29 1700.91 1585.21 2432.42 2301.89 2277.71 2050.96 1606.52 1528.26 2100.13 2516.46 2971.25 2785.46 2549.03 2253.92 1634.84 1358.8 1802.81 2117.28 2859.86 2867.04 2712.54 2641.82 1896.85 1957.44 2064.78 2365.09 2930.82 2640.99 2059.05 1349.73 1396.44 1653.99 2073.85 2257.8 2797.81 3127.36 2933.76 2603.19
5242.36 5135.67 4773.69 4273.55 3719.95 3161.27 2631.4 2225.2 1684.08 1337.97 3760.61 5184.42 5000.96 4462.77 4215.48 3994.89 3763.94 3524.73 3331.66 3163.08 3002.49 2762.39 2529.87 1929.34 1353.96 1572.6 1604.04 1760.21 2068.96 2303.21 2574.5 2619.37 2249.56 1752.42 1300.84 1365.14 1790.93 2765.54 3248.39 3452.11 3259.99 3073.78 2585.93 1781.1 1267.6 0 705.3 1918.4 2482.44 2484.31 2267.38 2011.95 1584.32 2175.93 2461.97 2770.94 2843.94 2603.42 2497.26 1803.85 1533.93 1235.92 1290.89 1953.05 2938.32 2729.25 2474.69 2100.68 1758.25 1994.25 2380.24 2437.13 2810.44 2623.76 2562.22 2305.75 1588.75 1499.24 2407.46 2630.94 2905.71 2765.79 2386.84 2123.75 1809.53 2313.28 2471.37 2405.42 2843.02 2644.65 1969.53 1256.84 1315.33 1712.61 2660.97 2752.81 2712.3 2798.22 2505.68 2292.92
5256.47 5141.18 4781.81 4288.84 3739.95 3199.68 2694.47 2291.8 1604.45 1108.86 3560.17 5216.41 5041.06 4474.05 4228.53 4020.11 3801.12 3569.6 3393.44 3230.89 3075 2835.09 2529.77 1929.43 1344.81 1538.63 1459.85 1492.38 1831.96 2113.63 2554.12 2643.76 2183.16 1727.99 1365.74 1194.61 1473.5 2570.92 3213.19 3525.8 3364.2 3156.32 2628.97 1698.6 1263.2 705.3 0 1593.95 2320.01 2567.81 2406.51 2064.89 1460.06 1938.44 2360.08 2844.79 2900.65 2663.51 2477.9 1648.69 1378.26 1200.91 1344.74 1708.09 2648.55 2555.5 2422.35 2052.81 1499.77 1671.51 2118.02 2374.51 2820.24 2639.88 2486.85 2186.63 1542.47 1323.55 2175.47 2309.7 2825.45 2794.12 2485.57 2248.7 1847.44 2239.09 2396.48 2345.62 2725.72 2515.13 1856.16 1166.05 1199.35 1446.06 2325.47 2404.76 2573.78 2810.29 2657.3 2425.33
5312.2 5139.72 4836.6 4457.64 4069.01 3766.39 3581.63 3487.54 2682.46 1803.34 2392.29 5498.23 5247 4753.72 4582.81 4444.58 4294.96 4141.9 4056.58 3981.45 3920.32 3752.14 3501.06 2844.94 2029 1567.25 1756.95 1263.41 798.847 1928.41 3165.52 3356.68 2391.33 1938.81 1933.18 2106.94 786.769 1516.85 3357.11 3785.09 3775.59 3821.04 3406.88 2036.16 1339.64 1918.4 1593.95 0 1501.51 2737.94 2875.42 2819.62 2218.67 1465.44 2041.66 3145.93 3412.77 3395.63 3308.76 1967.25 1142.26 1756.15 1953.37 1420.7 2144.95 2124.77 2197.2 2222.47 1736.03 883.539 1593.34 2812.74 3512.12 3445.32 3081.62 2793.94 2326.45 1498.42 1206.17 1958.38 3323.15 3472.45 3340 3281.77 2316.56 1905.03 1893.77 2470.98 3123.41 2857.11 2433.71 1651.83 1364.36 1445.58 1423.48 1639.89 2779.89 3435.06 3466.02 3154.52
5295.86 5101.35 4838.4 4529.66 4242.33 4067.34 4025.89 4079.44 3377.12 2487.14 1880.28 5449.18 5325.98 4889.49 4765.37 4668.71 4556.59 4445.79 4396.89 4347.52 4310.75 4192.87 4049.43 3505.26 2820.03 2523.64 2632.73 2241.84 1470 1803.78 3086.6 3398.41 2489.95 1954.48 2031.59 2552.85 1634.68 1218.45 2847.54 3484.26 3675.11 3897.98 3628.51 2550.94 2111.53 2482.44 2320.01 1501.51 0 2008.02 2554.29 2890.75 2487.91 1733.87 1780.74 2991.48 3323.08 3337.97 3425.66 2191.08 1418.14 1815.94 1884.08 1660.02 2428.22 2226.88 2126.11 2394.64 2333.32 1391.32 1357.79 2838.91 3705.26 3774.84 3451.11 3218.34 2773.06 1915.31 1504.15 2098.34 3427.88 3592.17 3441.44 3379.76 2339.39 1685.43 1604.03 2348.68 3119.7 2937.74 2601.75 1823.08 1610.64 1483.58 1508.31 1574.01 2461.87 3220.46 3332.89 3123.72
4989.26 4842.79 4568.56 4222.85 3901.11 3694.26 3574.24 3671.54 3477.81 2951.64 3284.26 4625.59 5036.13 4614.39 4469.59 4341.56 4203.5 4075.45 4006.92 3940.56 3895.36 3805.48 3726.83 3348.89 2998.28 3105.41 3172.6 3074.07 2747.14 2378.78 2690.8 2929.99 2477.9 2116.28 2012.05 2626.8 2683.68 2620.39 2186.49 2650.97 2925.09 3278.11 3253.78 2792.47 2633.85 2484.31 2567.81 2737.94 2008.02 0 1284.07 2146.74 2294.87 2559.71 2187.68 2204.89 2596.66 2733.09 2981.51 2230.12 2024.19 1940.94 1940.95 2456.07 3329.97 2943.39 2699.74 2853.82 2943.26 2607.27 2296.98 2453.22 3095.16 3241.74 3191.24 3079.36 2778.9 2566.79 2917.23 2818.63 2886.27 2775.68 2428.7 2362.67 1854.9 2249.82 2508.06 2528.51 3057.4 2956.88 2534.18 2025.11 2219.21 2218.81 2598.86 2352.86 1537.87 1928.85 2283.64 2411.84
5057.93 4942 4630.45 4215.45 3796.88 3437.35 3161.69 3113.3 3002.06 2666.24 3862.9 4979.17 4924.41 4564.6 4367.6 4169.86 3966.73 3784.13 3670.66 3568.44 3488.03 3362.25 3241.98 2891.14 2645.52 2871.34 2949.88 2971.81 2852.68 2363.41 2506.94 2689.39 2431.22 2135.76 1809.63 2234.97 2671.87 2973.3 2591.85 2786.1 2653.16 2841.39 2875.2 2650.87 2592.16 2267.38 2406.51 2875.42 2554.29 1284.07 0 1228.9 1886.66 2672.17 2577.31 2305 2446.03 2454.55 2690.22 2195.51 2106.76 1813.12 1900.81 2493.81 3327.23 2955.19 2597.05 2561.24 2714.58 2768.2 2701.95 2792.06 3162.01 3015.44 2976.9 2837.55 2487.4 2503.38 3190.43 3112.78 3121.35 2911.65 2407.39 2197.77 2004.02 2534.94 2727.08 2479.71 2860.08 2716.82 2215.4 1882.83 2214.48 2314.76 2899.97 2744.32 2028.96 2056.83 1935.57 1966.34
