0 313.326 569.949 1109.87 1846.44 2748.32 3849.23 5124.63 5885.2 5570.64
313.326 0 458.193 1066.21 1818.93 2732.8 3842.3 5104.42 5813.82 5458.05
569.949 458.193 0 662.603 1405.68 2318.4 3447.4 4703.24 5421.24 5087.41
1109.87 1066.21 662.603 0 806.809 1707.23 2866.71 4118.23 4861.62 4576.14
1846.44 1818.93 1405.68 806.809 0 973.103 2171.09 3436.07 4201.3 3992.67
2748.32 2732.8 2318.4 1707.23 973.103 0 1357.29 2610.17 3457.08 3384.74
3849.23 3842.3 3447.4 2866.71 2171.09 1357.29 0 1605 2661.46 2813.58
5124.63 5104.42 4703.24 4118.23 3436.07 2610.17 1605 0 1681.02 2221.2
5885.2 5813.82 5421.24 4861.62 4201.3 3457.08 2661.46 1681.02 0 991.53
5570.64 5458.05 5087.41 4576.14 3992.67 3384.74 2813.58 2221.2 991.53 0
