0 28.9655 47.55 66.4229 91.8967 121.478 156.285 193.399 245.495 297.987 351.686 405.901 446.085 466.418 493.662 529.453 575.937 627.159 695.529 771.386 854.558 945.691 1042.17 1140.53 1247.31 1360.6 1483.42 1606.09 1732.17 1864.85 2005.83 2153.46 2297.26 2451.27 2602.34 2760.3 2945.17 3142.57 3318.13 3490.22 3662.4 3859.08 4038.83 4242.41 4442.86 4648.82 4888.63 5135.52 5344.01 5502.42
28.9655 0 36.1939 56.4358 83.8332 113.684 149.385 186.07 237.729 290.084 343.529 398.069 438.439 458.56 486.34 522.808 570.365 622.125 690.862 767.238 850.556 942.31 1038.9 1137.36 1244.51 1358.17 1481.27 1604.04 1730.38 1863.09 2004.13 2151.93 2295.79 2449.94 2601.03 2759.16 2944.15 3141.56 3317.17 3489.15 3661.42 3858.05 4037.74 4241.35 4441.75 4647.79 4887.7 5134.66 5343.1 5501.36
47.55 36.1939 0 41.7971 70.5549 99.99 134.9 172.441 223.269 275.911 329.239 383.436 423.669 444.141 472.439 509.741 558.707 611.724 681.337 758.748 843.02 935.433 1032.8 1131.97 1239.6 1353.51 1476.96 1600.12 1726.96 1859.8 2001.17 2149.12 2293.08 2447.28 2598.61 2756.99 2942.26 3139.85 3315.6 3487.56 3659.95 3856.66 4036.27 4239.87 4440.1 4645.91 4885.86 5132.79 5341.25 5499.3
66.4229 56.4358 41.7971 0 49.1426 79.1138 115.191 152.882 204.602 257.566 311.559 365.636 406.246 427.348 456.276 494.984 546.385 601.096 671.699 750.054 835.027 928.247 1026.06 1125.69 1233.76 1348.28 1472.29 1595.85 1722.9 1856.22 1997.83 2146.03 2290.11 2444.54 2595.99 2754.75 2940.26 3138.1 3313.79 3485.65 3657.83 3854.31 4033.94 4237.57 4437.75 4643.5 4883.52 5130.54 5338.96 5496.73
91.8967 83.8332 70.5549 49.1426 0 53.8331 90 127.57 178.844 231.104 286.213 340.222 381.21 403.129 432.744 473.588 527.822 584.958 658.108 738.05 824.588 919.162 1018.05 1118.42 1226.95 1342.07 1466.31 1590.4 1717.63 1851.28 1993.24 2141.81 2286.05 2440.95 2592.62 2751.98 2937.95 3136.2 3312.05 3483.68 3655.72 3852.05 4031.37 4234.96 4434.89 4640.53 4880.53 5127.75 5336.24 5493.81
121.478 113.684 99.99 79.1138 53.8331 0 60.7618 101.331 151.555 204.482 259.357 313.326 354.648 378.29 409.787 452.325 509.011 569.949 644.12 725.425 812.92 908.729 1008.35 1109.87 1219.12 1335.13 1459.98 1584.42 1712.33 1846.44 1988.67 2137.48 2282.11 2437 2588.88 2748.32 2934.61 3133 3309 3480.8 3652.88 3849.23 4028.3 4231.7 4431.44 4637.03 4877.3 5124.63 5333.19 5490.38
156.285 149.385 134.9 115.191 90 60.7618 0 65.4523 116.288 168.413 223.629 276.725 318.284 343.632 377.906 424.255 483.777 549.427 626.165 709.565 798.899 896.756 997.607 1099.97 1210.21 1326.76 1452.45 1577.41 1705.59 1840.31 1983.04 2132.29 2277.02 2432.36 2584.53 2744.64 2931.6 3130.23 3306.64 3478.34 3650.55 3846.99 4025.81 4229.06 4428.41 4633.66 4874.09 5121.4 5329.87 5486.33
193.399 186.07 172.441 152.882 127.57 101.331 65.4523 0 74.5185 128.565 186.091 238.502 282.161 310.63 349.109 398.728 461.318 530.224 611.721 696.994 787.089 886.121 988.411 1091.75 1202.51 1319.44 1445.86 1571.39 1699.76 1834.85 1977.84 2127.35 2272.13 2428.05 2580.45 2741.2 2928.9 3127.78 3304.33 3475.79 3647.73 3843.95 4022.75 4225.91 4425.1 4629.95 4870.39 5117.74 5326.07 5482.04
245.495 237.729 223.269 204.602 178.844 151.555 116.288 74.5185 0 78.9557 136.349 190.237 235.529 266.623 309.79 365.356 432.958 506.909 593.814 681.85 772.812 873.956 977.534 1082.58 1193.86 1311.78 1438.96 1564.95 1693.81 1829.21 1972.43 2122.47 2267.54 2423.61 2576.59 2737.78 2925.5 3124.53 3301.16 3472.84 3645.25 3841.48 4019.79 4222.6 4421.18 4625.62 4866.14 5113.54 5321.69 5476.9
297.987 290.084 275.911 257.566 231.104 204.482 168.413 128.565 78.9557 0 87.1493 142.85 191.034 226.755 276.235 339.262 411.792 490.672 581.428 672.261 763.704 866.114 969.915 1075.39 1186.76 1305.14 1433.1 1559.75 1688.89 1824.22 1967.98 2118.43 2263.64 2420.24 2573.63 2735.26 2923.59 3122.64 3299.23 3470.74 3643.07 3839.08 4017.22 4219.88 4417.91 4621.84 4862.35 5109.75 5317.55 5471.82
351.686 343.529 329.239 311.559 286.213 259.357 223.629 186.091 136.349 87.1493 0 82.7466 137.343 182.178 240.319 309.542 387.213 469.645 563.319 659.65 752.144 855.957 961.473 1068.5 1181.04 1300.25 1429.32 1556.86 1686.34 1821.43 1965.37 2115.77 2260.57 2417.08 2571.04 2733.41 2922.63 3122.33 3299.84 3472.37 3645.57 3841.99 4018 4218.75 4414.45 4617.9 4858.73 5106.56 5314.22 5467.54
405.901 398.069 383.436 365.636 340.222 313.326 276.725 238.502 190.237 142.85 82.7466 0 88.7694 148.27 215.007 290.195 372.549 458.193 554.479 653.185 747.68 852.534 958.868 1066.21 1178.73 1297.45 1426.88 1554.1 1683.63 1818.93 1963.89 2114.31 2259.33 2415.69 2569.85 2732.8 2922.91 3123.2 3300.91 3473.31 3646.27 3842.3 4017.57 4218.03 4412.89 4615.87 4856.66 5104.42 5311.55 5463.67
446.085 438.439 423.669 406.246 381.21 354.648 318.284 282.161 235.529 191.034 137.343 88.7694 0 99.227 171.353 250.693 335.078 423.21 519.768 619.407 717.5 822.802 929.144 1036.91 1148.75 1266.94 1396.11 1523.93 1653.22 1788.34 1933.98 2084.13 2228.71 2384.5 2538.6 2701.68 2892.47 3093.37 3271.01 3443.35 3616.25 3812.56 3987.3 4187.54 4381.68 4584.16 4825.13 5073.21 5280.15 5431.47
466.418 458.56 444.141 427.348 403.129 378.29 343.632 310.63 266.623 226.755 182.178 148.27 99.227 0 103.073 183.349 266.52 355.087 452.14 552.72 651.675 759.303 863.908 972.045 1083.08 1200.88 1329.53 1457.03 1586.03 1720.96 1866.51 2016.86 2161.33 2317.15 2471.14 2634.77 2826.25 3027.62 3206.02 3378.63 3552.27 3749.15 3923.16 4123.11 4317.16 4519.42 4760.33 5008.35 5215.28 5366.67
493.662 486.34 472.439 456.276 432.744 409.787 377.906 349.109 309.79 276.235 240.319 215.007 171.353 103.073 0 111.62 195.497 284.515 382.137 482.739 581.19 688.958 793.504 900.963 1011.56 1128.24 1256.38 1383.72 1513.07 1647.59 1793.41 1944.12 2088.35 2244.25 2397.89 2562.02 2754.38 2956.72 3135.65 3308.31 3481.93 3678.84 3852.93 4053 4247.22 4449.28 4690.12 4938.03 5144.94 5296.43
529.453 522.808 509.741 494.984 473.588 452.325 424.255 398.728 365.356 339.262 309.542 290.195 250.693 183.349 111.62 0 113.737 203.985 301.37 403.844 503.419 612.743 720.087 827.74 938.442 1054.77 1182.47 1309.39 1438.44 1572.92 1718.6 1868.86 2012.89 2168.45 2321.85 2486.44 2679.48 2882.89 3062.29 3235.1 3409.21 3606.67 3779.93 3979.65 4173.89 4375.73 4616.71 4864.9 5071.68 5223.41
575.937 570.365 558.707 546.385 527.822 509.011 483.777 461.318 432.958 411.792 387.213 372.549 335.078 266.52 195.497 113.737 0 121.161 218.101 320.715 420.734 529.721 637.2 747.872 857.321 973.327 1100.77 1227.41 1356.36 1490.41 1635.97 1786.56 1930.56 2086.07 2239.27 2403.88 2597.87 2801.86 2982.09 3155.18 3330.17 3528.49 3701.32 3900.85 4095.29 4296.67 4537.22 4785.18 4991.86 5143.94
627.159 622.125 611.724 601.096 584.958 569.949 549.427 530.224 506.909 490.672 469.645 458.193 423.21 355.087 284.515 203.985 121.161 0 129.885 234.67 333.594 442.99 550.957 662.603 774.039 889.384 1016.89 1143.3 1271.66 1405.68 1551.13 1700.87 1844.88 2000.54 2153.53 2318.4 2513 2717.82 2898.6 3072.21 3248.2 3447.4 3619.62 3819.12 4013.42 4214.65 4454.99 4703.24 4909.85 5062.2
695.529 690.862 681.337 671.699 658.108 644.12 626.165 611.721 593.814 581.428 563.319 554.479 519.768 452.14 382.137 301.37 218.101 129.885 0 139.657 241.924 350.42 458.347 570.353 684.54 799.442 925.641 1051.24 1179.07 1312.25 1457.87 1607.34 1750.9 1906.32 2059.05 2223.95 2419.2 2624.77 2805.81 2979.79 3156.19 3356.15 3527.71 3727.41 3922.11 4123.33 4363.8 4612.46 4818.73 4970.85
771.386 767.238 758.748 750.054 738.05 725.425 709.565 696.994 681.85 672.261 659.65 653.185 619.407 552.72 482.739 403.844 320.715 234.67 139.657 0 140.36 248.701 357.127 466.942 582.705 701.642 827.085 952.799 1079.91 1214.58 1359.83 1509.69 1652.83 1808.39 1960.41 2125.02 2320.64 2526.8 2708.74 2883.67 3061.49 3263.07 3435.65 3636.52 3832.76 4031.89 4270.23 4517.24 4723.23 4875.87
854.558 850.556 843.02 835.027 824.588 812.92 798.899 787.089 772.812 763.704 752.144 747.68 717.5 651.675 581.19 503.419 420.734 333.594 241.924 140.36 0 148.886 262.425 370.494 487.994 608.596 738.954 863.208 989.376 1123.14 1267.31 1417.27 1560 1715.74 1867.41 2032.51 2228.42 2435.47 2618.08 2793.34 2972.23 3174.65 3347.05 3548.31 3744.9 3943.11 4180.95 4427.89 4633.05 4785.38
945.691 942.31 935.433 928.247 919.162 908.729 896.756 886.121 873.956 866.114 855.957 852.534 822.802 759.303 688.958 612.743 529.721 442.99 350.42 248.701 148.886 0 155.003 265.678 383.42 504.186 635.915 761.995 886.414 1018.55 1161.6 1310.74 1452.97 1608.61 1760.4 1925.91 2122.25 2330.66 2513.5 2689.69 2870.1 3073.35 3245.88 3447.49 3644.8 3842.16 4079.21 4326.13 4530.89 4683.73
1042.17 1038.9 1032.8 1026.06 1018.05 1008.35 997.607 988.411 977.534 969.915 961.473 958.868 929.144 863.908 793.504 720.087 637.2 550.957 458.347 357.127 262.425 155.003 0 157.394 272.912 394.484 527.081 655.621 781.229 912.418 1054.25 1202.23 1343.72 1499.59 1650.88 1816.15 2013.15 2221.87 2405.69 2583.19 2765.18 2970.03 3141.96 3343.06 3540.86 3737.71 3974.26 4221.11 4425.51 4578.6
1140.53 1137.36 1131.97 1125.69 1118.42 1109.87 1099.97 1091.75 1082.58 1075.39 1068.5 1066.21 1036.91 972.045 900.963 827.74 747.872 662.603 570.353 466.942 370.494 265.678 157.394 0 165.542 286.128 418.893 547.352 675.747 806.809 946.134 1094.61 1234.25 1391.05 1542.53 1707.23 1906.08 2116.27 2299.78 2478.16 2660.86 2866.71 3039.28 3241.22 3440.2 3636.15 3872.01 4118.23 4322.17 4475.12
1247.31 1244.51 1239.6 1233.76 1226.95 1219.12 1210.21 1202.51 1193.86 1186.76 1181.04 1178.73 1148.75 1083.08 1011.56 938.442 857.321 774.039 684.54 582.705 487.994 383.42 272.912 165.542 0 170.988 303.863 433.64 561.174 695.734 835.527 983.377 1122.57 1279.83 1430.5 1595.39 1795.84 2007.99 2191.83 2369.21 2552.52 2758.2 2931.86 3134.5 3335.69 3530.47 3765.92 4011.86 4215.12 4368.2
1360.6 1358.17 1353.51 1348.28 1342.07 1335.13 1326.76 1319.44 1311.78 1305.14 1300.25 1297.45 1266.94 1200.88 1128.24 1054.77 973.327 889.384 799.442 701.642 608.596 504.186 394.484 286.128 170.988 0 180.981 309.055 440.303 571.662 715.477 863.714 1001.68 1157.77 1308.46 1473.73 1677.12 1892.03 2076.31 2253.54 2436.9 2643.76 2818.04 3021.89 3224.67 3419.49 3655.47 3902.29 4104.1 4256.4
1483.42 1481.27 1476.96 1472.29 1466.31 1459.98 1452.45 1445.86 1438.96 1433.1 1429.32 1426.88 1396.11 1329.53 1256.38 1182.47 1100.77 1016.89 925.641 827.085 738.954 635.915 527.081 418.893 303.863 180.981 0 178.972 312.811 445.723 588.312 741.813 877.12 1032.87 1182.82 1349.86 1556.11 1774.4 1959.59 2135.62 2318.51 2525.79 2700.59 2905.13 3110.76 3304.61 3540.93 3787.65 3988.51 4139.57
1606.09 1604.04 1600.12 1595.85 1590.4 1584.42 1577.41 1571.39 1564.95 1559.75 1556.86 1554.1 1523.93 1457.03 1383.72 1309.39 1227.41 1143.3 1051.24 952.799 863.208 761.995 655.621 547.352 433.64 309.055 178.972 0 184.429 318.748 463.584 618.298 757.013 909.366 1057.05 1225.19 1435.03 1658.05 1843.8 2018.48 2201.11 2408.26 2582.78 2788.84 2995.99 3189.29 3424.85 3671.29 3871.26 4022.11
1732.17 1730.38 1726.96 1722.9 1717.63 1712.33 1705.59 1699.76 1693.81 1688.89 1686.34 1683.63 1653.22 1586.03 1513.07 1438.44 1356.36 1271.66 1179.07 1079.91 989.376 886.414 781.229 675.747 561.174 440.303 312.811 184.429 0 190.982 336.095 489.746 633.572 789.136 934.234 1103.35 1315.12 1542.96 1729.45 1902.77 2086.53 2294.22 2468.1 2675.41 2883.9 3076.12 3310.81 3556.78 3755.73 3905.75
1864.85 1863.09 1859.8 1856.22 1851.28 1846.44 1840.31 1834.85 1829.21 1824.22 1821.43 1818.93 1788.34 1720.96 1647.59 1572.92 1490.41 1405.68 1312.25 1214.58 1123.14 1018.55 912.418 806.809 695.734 571.662 445.723 318.748 190.982 0 196.25 346.991 494.613 651.249 799.121 973.103 1188.9 1421.15 1607.44 1779.33 1963.48 2171.09 2343.46 2550.69 2758.67 2951.87 3187.77 3436.07 3633.61 3782.98
2005.83 2004.13 2001.17 1997.83 1993.24 1988.67 1983.04 1977.84 1972.43 1967.98 1965.37 1963.89 1933.98 1866.51 1793.41 1718.6 1635.97 1551.13 1457.87 1359.83 1267.31 1161.6 1054.25 946.134 835.527 715.477 588.312 463.584 336.095 196.25 0 206.468 349.946 505.524 655.944 833.492 1053.83 1289.73 1475.95 1648.01 1834.27 2043.53 2213.97 2419.96 2628.83 2821.54 3057.35 3306.49 3503.9 3653.9
2153.46 2151.93 2149.12 2146.03 2141.81 2137.48 2132.29 2127.35 2122.47 2118.43 2115.77 2114.31 2084.13 2016.86 1944.12 1868.86 1786.56 1700.87 1607.34 1509.69 1417.27 1310.74 1202.23 1094.61 983.377 863.714 741.813 618.298 489.746 346.991 206.468 0 204.81 355.252 508.749 695.519 921.413 1162.15 1348.34 1518.85 1708.14 1917.95 2085.23 2288.84 2496.14 2689.45 2926.24 3177.8 3374.78 3525.81
2297.26 2295.79 2293.08 2290.11 2286.05 2282.11 2277.02 2272.13 2267.54 2263.64 2260.57 2259.33 2228.71 2161.33 2088.35 2012.89 1930.56 1844.88 1750.9 1652.83 1560 1452.97 1343.72 1234.25 1122.57 1001.68 877.12 757.013 633.572 494.613 349.946 204.81 0 207.227 359.365 558.286 799.378 1045.19 1231.66 1400.24 1589.83 1802.4 1965.93 2167.71 2374.91 2566.41 2803.07 3055.51 3251.02 3401.93
2451.27 2449.94 2447.28 2444.54 2440.95 2437 2432.36 2428.05 2423.61 2420.24 2417.08 2415.69 2384.5 2317.15 2244.25 2168.45 2086.07 2000.54 1906.32 1808.39 1715.74 1608.61 1499.59 1391.05 1279.83 1157.77 1032.87 909.366 789.136 651.249 505.524 355.252 207.227 0 211.958 422.009 669.416 922.966 1104.76 1270.69 1460.69 1673.96 1833.05 2032.09 2239.11 2430.29 2667.91 2922.13 3117.02 3268.27
2602.34 2601.03 2598.61 2595.99 2592.62 2588.88 2584.53 2580.45 2576.59 2573.63 2571.04 2569.85 2538.6 2471.14 2397.89 2321.85 2239.27 2153.53 2059.05 1960.41 1867.41 1760.4 1650.88 1542.53 1430.5 1308.46 1182.82 1057.05 934.234 799.121 655.944 508.749 359.365 211.958 0 284.837 542.221 798.288 982.362 1144.67 1334.13 1549.9 1704.7 1900.82 2108.53 2295.78 2529.81 2782.96 2978.68 3133.58
2760.3 2759.16 2756.99 2754.75 2751.98 2748.32 2744.64 2741.2 2737.78 2735.26 2733.41 2732.8 2701.68 2634.77 2562.02 2486.44 2403.88 2318.4 2223.95 2125.02 2032.51 1925.91 1816.15 1707.23 1595.39 1473.73 1349.86 1225.19 1103.35 973.103 833.492 695.519 558.286 422.009 284.837 0 298.603 553.37 742.567 924.019 1128.53 1357.29 1513.58 1715.78 1931.05 2119.45 2354.71 2610.17 2808.51 2968.01
2945.17 2944.15 2942.26 2940.26 2937.95 2934.61 2931.6 2928.9 2925.5 2923.59 2922.63 2922.91 2892.47 2826.25 2754.38 2679.48 2597.87 2513 2419.2 2320.64 2228.42 2122.25 2013.15 1906.08 1795.84 1677.12 1556.11 1435.03 1315.12 1188.9 1053.83 921.413 799.378 669.416 542.221 298.603 0 292.759 491.184 699.751 932.824 1172.6 1330.1 1536.65 1760.16 1946.44 2181.02 2437.28 2638.82 2803.84
3142.57 3141.56 3139.85 3138.1 3136.2 3133 3130.23 3127.78 3124.53 3122.64 3122.33 3123.2 3093.37 3027.62 2956.72 2882.89 2801.86 2717.82 2624.77 2526.8 2435.47 2330.66 2221.87 2116.27 2007.99 1892.03 1774.4 1658.05 1542.96 1421.15 1289.73 1162.15 1045.19 922.966 798.288 553.37 292.759 0 262.103 511.189 766.903 1019.08 1172.13 1378.59 1606.38 1789.36 2020.75 2276.24 2479.49 2648.99
3318.13 3317.17 3315.6 3313.79 3312.05 3309 3306.64 3304.33 3301.16 3299.23 3299.84 3300.91 3271.01 3206.02 3135.65 3062.29 2982.09 2898.6 2805.81 2708.74 2618.08 2513.5 2405.69 2299.78 2191.83 2076.31 1959.59 1843.8 1729.45 1607.44 1475.95 1348.34 1231.66 1104.76 982.362 742.567 491.184 262.103 0 307.213 570.293 823.032 982.95 1197.53 1433.92 1615.73 1848.67 2107.18 2310.27 2481.96
3490.22 3489.15 3487.56 3485.65 3483.68 3480.8 3478.34 3475.79 3472.84 3470.74 3472.37 3473.31 3443.35 3378.63 3308.31 3235.1 3155.18 3072.21 2979.79 2883.67 2793.34 2689.69 2583.19 2478.16 2369.21 2253.54 2135.62 2018.48 1902.77 1779.33 1648.01 1518.85 1400.24 1270.69 1144.67 924.019 699.751 511.189 307.213 0 303.97 555.446 736.088 979.354 1235.56 1419.38 1656.67 1921.67 2125.41 2299.31
3662.4 3661.42 3659.95 3657.83 3655.72 3652.88 3650.55 3647.73 3645.25 3643.07 3645.57 3646.27 3616.25 3552.27 3481.93 3409.21 3330.17 3248.2 3156.19 3061.49 2972.23 2870.1 2765.18 2660.86 2552.52 2436.9 2318.51 2201.11 2086.53 1963.48 1834.27 1708.14 1589.83 1460.69 1334.13 1128.53 932.824 766.903 570.293 303.97 0 295.699 512.593 790.043 1066.04 1252.15 1495.17 1766.1 1970.09 2144.43
3859.08 3858.05 3856.66 3854.31 3852.05 3849.23 3846.99 3843.95 3841.48 3839.08 3841.99 3842.3 3812.56 3749.15 3678.84 3606.67 3528.49 3447.4 3356.15 3263.07 3174.65 3073.35 2970.03 2866.71 2758.2 2643.76 2525.79 2408.26 2294.22 2171.09 2043.53 1917.95 1802.4 1673.96 1549.9 1357.29 1172.6 1019.08 823.032 555.446 295.699 0 321.269 619.613 905.37 1088.15 1331.71 1605 1805.32 1978.28
4038.83 4037.74 4036.27 4033.94 4031.37 4028.3 4025.81 4022.75 4019.79 4017.22 4018 4017.57 3987.3 3923.16 3852.93 3779.93 3701.32 3619.62 3527.71 3435.65 3347.05 3245.88 3141.96 3039.28 2931.86 2818.04 2700.59 2582.78 2468.1 2343.46 2213.97 2085.23 1965.93 1833.05 1704.7 1513.58 1330.1 1172.13 982.95 736.088 512.593 321.269 0 335.497 621.982 818.911 1088.06 1378.22 1581.91 1758.98
4242.41 4241.35 4239.87 4237.57 4234.96 4231.7 4229.06 4225.91 4222.6 4219.88 4218.75 4218.03 4187.54 4123.11 4053 3979.65 3900.85 3819.12 3727.41 3636.52 3548.31 3447.49 3343.06 3241.22 3134.5 3021.89 2905.13 2788.84 2675.41 2550.69 2419.96 2288.84 2167.71 2032.09 1900.82 1715.78 1536.65 1378.59 1197.53 979.354 790.043 619.613 335.497 0 330.039 548.199 852.441 1166.4 1374.45 1559.77
4442.86 4441.75 4440.1 4437.75 4434.89 4431.44 4428.41 4425.1 4421.18 4417.91 4414.45 4412.89 4381.68 4317.16 4247.22 4173.89 4095.29 4013.42 3922.11 3832.76 3744.9 3644.8 3540.86 3440.2 3335.69 3224.67 3110.76 2995.99 2883.9 2758.67 2628.83 2496.14 2374.91 2239.11 2108.53 1931.05 1760.16 1606.38 1433.92 1235.56 1066.04 905.37 621.982 330.039 0 334.23 669.909 1002.49 1210.22 1395.73
4648.82 4647.79 4645.91 4643.5 4640.53 4637.03 4633.66 4629.95 4625.62 4621.84 4617.9 4615.87 4584.16 4519.42 4449.28 4375.73 4296.67 4214.65 4123.33 4031.89 3943.11 3842.16 3737.71 3636.15 3530.47 3419.49 3304.61 3189.29 3076.12 2951.87 2821.54 2689.45 2566.41 2430.29 2295.78 2119.45 1946.44 1789.36 1615.73 1419.38 1252.15 1088.15 818.911 548.199 334.23 0 376.457 702.994 917.332 1122.14
4888.63 4887.7 4885.86 4883.52 4880.53 4877.3 4874.09 4870.39 4866.14 4862.35 4858.73 4856.66 4825.13 4760.33 4690.12 4616.71 4537.22 4454.99 4363.8 4270.23 4180.95 4079.21 3974.26 3872.01 3765.92 3655.47 3540.93 3424.85 3310.81 3187.77 3057.35 2926.24 2803.07 2667.91 2529.81 2354.71 2181.02 2020.75 1848.67 1656.67 1495.17 1331.71 1088.06 852.441 669.909 376.457 0 367.214 599.086 851.674
5135.52 5134.66 5132.79 5130.54 5127.75 5124.63 5121.4 5117.74 5113.54 5109.75 5106.56 5104.42 5073.21 5008.35 4938.03 4864.9 4785.18 4703.24 4612.46 4517.24 4427.89 4326.13 4221.11 4118.23 4011.86 3902.29 3787.65 3671.29 3556.78 3436.07 3306.49 3177.8 3055.51 2922.13 2782.96 2610.17 2437.28 2276.24 2107.18 1921.67 1766.1 1605 1378.22 1166.4 1002.49 702.994 367.214 0 323.379 628.509
5344.01 5343.1 5341.25 5338.96 5336.24 5333.19 5329.87 5326.07 5321.69 5317.55 5314.22 5311.55 5280.15 5215.28 5144.94 5071.68 4991.86 4909.85 4818.73 4723.23 4633.05 4530.89 4425.51 4322.17 4215.12 4104.1 3988.51 3871.26 3755.73 3633.61 3503.9 3374.78 3251.02 3117.02 2978.68 2808.51 2638.82 2479.49 2310.27 2125.41 1970.09 1805.32 1581.91 1374.45 1210.22 917.332 599.086 323.379 0 347.111
5502.42 5501.36 5499.3 5496.73 5493.81 5490.38 5486.33 5482.04 5476.9 5471.82 5467.54 5463.67 5431.47 5366.67 5296.43 5223.41 5143.94 5062.2 4970.85 4875.87 4785.38 4683.73 4578.6 4475.12 4368.2 4256.4 4139.57 4022.11 3905.75 3782.98 3653.9 3525.81 3401.93 3268.27 3133.58 2968.01 2803.84 2648.99 2481.96 2299.31 2144.43 1978.28 1758.98 1559.77 1395.73 1122.14 851.674 628.509 347.111 0
